1.00 0.75 0.13 0.66 0.89 0.80 0.79 0.59 0.91 0.61 0.03 0.96
0.75 1.00 0.12 0.66 0.68 0.84 0.83 0.56 0.79 0.68 0.03 0.71
0.13 0.12 1.00 0.13 0.13 0.15 0.14 0.12 0.12 0.12 0.36 0.13
0.66 0.66 0.13 1.00 0.67 0.78 0.70 0.84 0.61 0.86 0.04 0.65
0.89 0.68 0.13 0.67 1.00 0.78 0.76 0.63 0.82 0.59 0.03 0.88
0.80 0.84 0.15 0.78 0.78 1.00 0.93 0.70 0.76 0.71 0.04 0.77
0.79 0.83 0.14 0.70 0.76 0.93 1.00 0.62 0.78 0.65 0.03 0.75
0.59 0.56 0.12 0.84 0.63 0.70 0.62 1.00 0.53 0.70 0.03 0.59
0.91 0.79 0.12 0.61 0.82 0.76 0.78 0.53 1.00 0.61 0.03 0.86
0.61 0.68 0.12 0.86 0.59 0.71 0.65 0.70 0.61 1.00 0.06 0.59
0.03 0.03 0.36 0.04 0.03 0.04 0.03 0.03 0.03 0.06 1.00 0.04
0.96 0.71 0.13 0.65 0.88 0.77 0.75 0.59 0.86 0.59 0.04 1.00


